22007
23053
37758
42191
34609
37352
18790
21623
45253
20375
41781
39301
45546
35109
23896
26071
34369
21902
33429
20889
30793
44369
43730
19733
11772
12835
33224
25468
20298
24768
28998
34141
40599
31000
45237
25220
17910
13384
15682
37598
39091
31555
26927
39783
30550
24774
36660
44733
25598
48566
31603
27870
23231
30300
37261
23570
32416
36657
15427
20384
40262
29860
29871
24082
48647
27554
23010
12623
36007
32430
38834
40358
47360
34943
10981
